35,32
35,31
35,30
35,29
34,14
34,5
35,28
34,13
35,27
33,255
33,254
33,253
33,252
33,251
35,26
33,250
33,249
33,248
33,247
33,246
33,245
33,244
33,243
33,242
35,25
33,241
33,240
33,239
33,238
33,237
33,236
33,235
33,234
35,24
33,233
33,232
33,231
33,230
33,229
33,228
33,227
33,226
33,225
33,224
33,223
33,222
33,221
33,220
33,219
33,218
33,217
33,216
33,215
33,214
33,213
33,212
33,211
33,210
33,209
33,208
33,207
33,206
33,205
33,204
33,203
33,202
33,201
33,200
33,199
33,198
33,197
33,196
33,195
33,127
33,126
35,23
34,12
33,140
33,139
33,138
35,22
35,21
0,463
34,11
0,454
0,450
35,20
0,567
33,128
33,191
0,565
35,19
35,18
35,17
35,16
0,556
0,461
0,554
0,553
0,551
0,549
35,15
35,14
35,13
35,12
0,548
0,547
33,190
0,541
0,448
34,10
0,537
33,189
0,306
0,447
0,446
0,445
0,444
0,443
0,442
0,441
33,188
0,440
33,194
34,9
35,11
0,561
0,545
0,437
34,8
34,7
34,6
0,435
0,434
0,433
0,432
35,10
0,431
0,430
33,193
0,468
0,422
0,421
0,420
0,418
0,417
0,416
33,192
33,187
33,186
33,185
33,184
33,183
33,182
33,181
33,180
33,179
33,178
33,177
33,176
33,175
33,174
33,173
33,172
33,171
33,170
33,169
33,168
33,167
33,166
33,165
33,164
33,163
33,162
33,161
33,160
33,159
33,158
33,157
33,156
33,155
33,154
33,153
0,414
0,413
0,412
77,4
77,3
77,2
77,1
77,0
0,411
